<?xml version="1.0"?>
<opencv_storage>
<D1 type_id="opencv-matrix">
  <rows>1</rows>
  <cols>5</cols>
  <dt>d</dt>
  <data>
    -3.0176516526705065e-002 -3.7171522432918112e+000 0. 0.
    7.5411388112898109e+001</data></D1>
</opencv_storage>
