<?xml version="1.0"?>
<opencv_storage>
<D2 type_id="opencv-matrix">
  <rows>1</rows>
  <cols>5</cols>
  <dt>d</dt>
  <data>
    -1.0543085909859781e-001 -4.5256404962332875e+000 0. 0.
    1.0559790745975596e+002</data></D2>
</opencv_storage>
