<?xml version="1.0"?>
<opencv_storage>
<E type_id="opencv-matrix">
  <rows>3</rows>
  <cols>3</cols>
  <dt>d</dt>
  <data>
    4.2994146614198812e+000 -8.5102414773563595e+001
    -1.5216720570755493e+001 -1.3910746728936704e+002
    1.4601854259495271e+001 7.6109635982109467e+002
    1.0375328477689083e+001 -7.6908704086127136e+002
    1.8595294108054880e+001</data></E>
</opencv_storage>
