<?xml version="1.0"?>
<opencv_storage>
<F type_id="opencv-matrix">
  <rows>3</rows>
  <cols>3</cols>
  <dt>d</dt>
  <data>
    2.7322529311363374e-008 -5.4082088033597425e-007
    -5.0839544028393947e-005 -8.8401983799070211e-007
    9.2793931831073806e-008 1.6859338868304308e-002
    6.8610491365871747e-004 -1.6185236994510351e-002 1.</data></F>
</opencv_storage>
