<?xml version="1.0"?>
<opencv_storage>
<imagePoints1 type_id="opencv-matrix">
  <rows>1</rows>
  <cols>2160</cols>
  <dt>"2f"</dt>
  <data>
    4.11100128e+002 3.06908722e+002 4.48236938e+002 3.08601196e+002
    4.85021942e+002 3.10287811e+002 5.21609802e+002 3.11987396e+002
    5.58357178e+002 3.13821381e+002 5.94737244e+002 3.15499207e+002
    6.30979736e+002 3.17279572e+002 6.66961060e+002 3.19091644e+002
    7.02935791e+002 3.20660583e+002 7.38779358e+002 3.22410828e+002
    7.74458984e+002 3.24042847e+002 8.09781921e+002 3.25773102e+002
    4.09264465e+002 3.44163300e+002 4.46351959e+002 3.45882446e+002
    4.83083923e+002 3.47416931e+002 5.19673279e+002 3.49145416e+002
    5.56331116e+002 3.50747620e+002 5.92643127e+002 3.52360596e+002
    6.28800720e+002 3.54047821e+002 6.65053528e+002 3.55790039e+002
    7.00857056e+002 3.57324402e+002 7.36684509e+002 3.58916138e+002
    7.72224854e+002 3.60558319e+002 8.07552368e+002 3.62250305e+002
    4.07567963e+002 3.81517426e+002 4.44556305e+002 3.83154144e+002
    4.81296173e+002 3.84530060e+002 5.17759521e+002 3.86039307e+002
    5.54406921e+002 3.87686432e+002 5.90656494e+002 3.89245819e+002
    6.26769592e+002 3.90685852e+002 6.62781189e+002 3.92342255e+002
    6.98683228e+002 3.93906860e+002 7.34411560e+002 3.95468964e+002
    7.70289001e+002 3.97018585e+002 8.05227661e+002 3.98492432e+002
    4.05709686e+002 4.18578827e+002 4.42702667e+002 4.20168671e+002
    4.79376556e+002 4.21547791e+002 5.15869385e+002 4.23002960e+002
    5.52399597e+002 4.24477844e+002 5.88600647e+002 4.25940979e+002
    6.24807739e+002 4.27393677e+002 6.60744812e+002 4.28911957e+002
    6.96602478e+002 4.30312073e+002 7.32254883e+002 4.31865845e+002
    7.67855103e+002 4.33386353e+002 8.03221252e+002 4.34716095e+002
    4.04136566e+002 4.55816650e+002 4.40938263e+002 4.57242859e+002
    4.77485016e+002 4.58460388e+002 5.13878235e+002 4.59812225e+002
    5.50435608e+002 4.61317078e+002 5.86579956e+002 4.62523895e+002
    6.22625488e+002 4.63908295e+002 6.58679382e+002 4.65384216e+002
    6.94473022e+002 4.66708252e+002 7.29885498e+002 4.68087372e+002
    7.65513245e+002 4.69561340e+002 8.00972534e+002 4.70888092e+002
    4.02196289e+002 4.92767029e+002 4.39109283e+002 4.94190552e+002
    4.75599335e+002 4.95334747e+002 5.12108704e+002 4.96562439e+002
    5.48424011e+002 4.97935333e+002 5.84608215e+002 4.99183655e+002
    6.20578674e+002 5.00324738e+002 6.56553467e+002 5.01732880e+002
    6.92214539e+002 5.03098480e+002 7.27678223e+002 5.04261597e+002
    7.63306274e+002 5.05605652e+002 7.98671753e+002 5.07057373e+002
    4.00348724e+002 5.29726868e+002 4.37065369e+002 5.30945618e+002
    4.73772247e+002 5.32143921e+002 5.10095642e+002 5.33297668e+002
    5.46460266e+002 5.34409241e+002 5.82607910e+002 5.35659607e+002
    6.18560974e+002 5.36729492e+002 6.54475403e+002 5.38095764e+002
    6.90123779e+002 5.39299744e+002 7.25454834e+002 5.40285217e+002
    7.61097046e+002 5.41657471e+002 7.96344055e+002 5.42900879e+002
    3.98526581e+002 5.66425293e+002 4.35197601e+002 5.67586731e+002
    4.71812683e+002 5.68587891e+002 5.08272430e+002 5.69896790e+002
    5.44526489e+002 5.70936340e+002 5.80541748e+002 5.72000122e+002
    6.16525757e+002 5.73057678e+002 6.52369202e+002 5.74140930e+002
    6.87879883e+002 5.75382568e+002 7.23355713e+002 5.76336853e+002
    7.58856323e+002 5.77531555e+002 7.93884583e+002 5.78658752e+002
    3.96595428e+002 6.03208252e+002 4.33283600e+002 6.04144226e+002
    4.69831573e+002 6.05157654e+002 5.06225739e+002 6.06139465e+002
    5.42470093e+002 6.07326294e+002 5.78546509e+002 6.08253418e+002
    6.14480652e+002 6.09310486e+002 6.50206970e+002 6.10339355e+002
    6.85667969e+002 6.11384338e+002 7.21096375e+002 6.12256836e+002
    7.56526855e+002 6.13387756e+002 7.91546631e+002 6.14324585e+002
    3.88035797e+002 3.16235046e+002 4.23128906e+002 3.18394592e+002
    4.57849670e+002 3.20786896e+002 4.92135498e+002 3.23025238e+002
    5.26218750e+002 3.25226013e+002 5.59655212e+002 3.27251160e+002
    5.93020935e+002 3.29347809e+002 6.25853638e+002 3.31395599e+002
    6.58515137e+002 3.33459564e+002 6.90777588e+002 3.35448486e+002
    7.22702698e+002 3.37534729e+002 7.54402954e+002 3.39441589e+002
    3.83057220e+002 3.53066711e+002 4.18211548e+002 3.55118225e+002
    4.52642426e+002 3.57152283e+002 4.86919373e+002 3.59116913e+002
    5.20799866e+002 3.61084473e+002 5.54316772e+002 3.62903839e+002
    5.87431946e+002 3.64858246e+002 6.20397278e+002 3.66730133e+002
    6.52965942e+002 3.68685211e+002 6.85347473e+002 3.70476105e+002
    7.16883850e+002 3.72317566e+002 7.48753113e+002 3.74140045e+002
    3.78329590e+002 3.89563568e+002 4.13031189e+002 3.91400696e+002
    4.47650085e+002 3.93223450e+002 4.81603271e+002 3.95021698e+002
    5.15520325e+002 3.96619446e+002 5.48726013e+002 3.98343994e+002
    5.82122620e+002 4.00168030e+002 6.14839539e+002 4.01847473e+002
    6.47544067e+002 4.03686768e+002 6.79537048e+002 4.05304718e+002
    7.11389648e+002 4.06826935e+002 7.43019653e+002 4.08719543e+002
    3.73335785e+002 4.25730072e+002 4.08100403e+002 4.27524139e+002
    4.42501617e+002 4.29124969e+002 4.76413361e+002 4.30549805e+002
    5.10181213e+002 4.32158905e+002 5.43540955e+002 4.33772278e+002
    5.76582336e+002 4.35270782e+002 6.09471008e+002 4.36864105e+002
    6.41996826e+002 4.38321350e+002 6.73871948e+002 4.39824371e+002
    7.05651306e+002 4.41422943e+002 7.37428894e+002 4.43076996e+002
    3.68431824e+002 4.61908875e+002 4.02865509e+002 4.63241455e+002
    4.37364349e+002 4.64693420e+002 4.71140594e+002 4.66122467e+002
    5.04879822e+002 4.67529724e+002 5.38105774e+002 4.68826965e+002
    5.71277161e+002 4.70253906e+002 6.03944702e+002 4.71750336e+002
    6.36395508e+002 4.73031830e+002 6.68140015e+002 4.74156403e+002
    7.00183044e+002 4.75685760e+002 7.31768311e+002 4.77156403e+002
    3.63454010e+002 4.97679291e+002 3.97750061e+002 4.98811920e+002
    4.32176453e+002 5.00100647e+002 4.65941711e+002 5.01346863e+002
    4.99505463e+002 5.02486298e+002 5.32812500e+002 5.03796783e+002
    5.65826477e+002 5.05017273e+002 5.98519775e+002 5.06224609e+002
    6.30764282e+002 5.07413025e+002 6.62530151e+002 5.08260742e+002
    6.94468323e+002 5.09664551e+002 7.26031128e+002 5.11037415e+002
    3.58388336e+002 5.33374451e+002 3.92628418e+002 5.34205872e+002
    4.27088257e+002 5.35382813e+002 4.60586029e+002 5.36318420e+002
    4.94306519e+002 5.37478821e+002 5.27512024e+002 5.38472473e+002
    5.60461060e+002 5.39613953e+002 5.93125793e+002 5.40654785e+002
    6.25342346e+002 5.41660156e+002 6.56910400e+002 5.42354187e+002
    6.88741821e+002 5.43549011e+002 7.20379700e+002 5.44779480e+002
    3.53209595e+002 5.68451660e+002 3.87560669e+002 5.69412903e+002
    4.21849121e+002 5.70224121e+002 4.55543396e+002 5.71242310e+002
    4.89008148e+002 5.72175964e+002 5.22359741e+002 5.73128601e+002
    5.55138489e+002 5.73983276e+002 5.87758179e+002 5.74840210e+002
    6.19765137e+002 5.75684570e+002 6.51549805e+002 5.76226929e+002
    6.83156433e+002 5.77200195e+002 7.14821838e+002 5.78406616e+002
    3.48142548e+002 6.03564697e+002 3.82472229e+002 6.04247314e+002
    4.16730743e+002 6.05074768e+002 4.50326447e+002 6.05837036e+002
    4.83882843e+002 6.06649292e+002 5.17077942e+002 6.07448181e+002
    5.49889343e+002 6.08234497e+002 5.82347229e+002 6.08844666e+002
    6.14383240e+002 6.09481750e+002 6.45954529e+002 6.09924988e+002
    6.77552429e+002 6.10596619e+002 7.09436340e+002 6.11941895e+002
    4.02331360e+002 1.21732010e+002 4.38373932e+002 1.24939194e+002
    4.74259399e+002 1.27863518e+002 5.09667938e+002 1.31115387e+002
    5.45270691e+002 1.33950439e+002 5.80358582e+002 1.37135056e+002
    6.15471802e+002 1.39989807e+002 6.50210083e+002 1.43146408e+002
    6.84977722e+002 1.45911850e+002 7.19288086e+002 1.49041092e+002
    7.53679688e+002 1.51802231e+002 7.87673889e+002 1.54876297e+002
    3.98740234e+002 1.57922836e+002 4.34729523e+002 1.60923874e+002
