<?xml version="1.0"?>
<opencv_storage>
<imagePoints2 type_id="opencv-matrix">
  <rows>1</rows>
  <cols>2160</cols>
  <dt>"2f"</dt>
  <data>
    6.65297974e+002 2.31849106e+002 7.02282349e+002 2.32863342e+002
    7.39456848e+002 2.33877762e+002 7.76827454e+002 2.34903625e+002
    8.13853577e+002 2.36175034e+002 8.51278198e+002 2.37359528e+002
    8.88696106e+002 2.38579376e+002 9.26227417e+002 2.39814209e+002
    9.63745789e+002 2.40899734e+002 1.00143207e+003 2.42156006e+002
    1.03886499e+003 2.43070251e+002 1.07690771e+003 2.44403046e+002
    6.64286011e+002 2.68868256e+002 7.01291870e+002 2.70063843e+002
    7.38428955e+002 2.71144073e+002 7.75591125e+002 2.72362518e+002
    8.12817017e+002 2.73520844e+002 8.50125000e+002 2.74664185e+002
    8.87512939e+002 2.75954376e+002 9.24951233e+002 2.77202332e+002
    9.62463989e+002 2.78432922e+002 1.00004333e+003 2.79540100e+002
    1.03779834e+003 2.80829529e+002 1.07552808e+003 2.82153503e+002
    6.63229736e+002 3.06008575e+002 7.00342529e+002 3.07356171e+002
    7.37334595e+002 3.08331512e+002 7.74487793e+002 3.09577515e+002
    8.11648376e+002 3.10733063e+002 8.48982056e+002 3.12050842e+002
    8.86228760e+002 3.13199005e+002 9.23737122e+002 3.14549438e+002
    9.61171875e+002 3.15712982e+002 9.98747925e+002 3.16946503e+002
    1.03642798e+003 3.18156281e+002 1.07407532e+003 3.19596710e+002
    6.62191650e+002 3.43067841e+002 6.99330872e+002 3.44353119e+002
    7.36314026e+002 3.45401337e+002 7.73402649e+002 3.46606720e+002
    8.10602661e+002 3.48024353e+002 8.47750610e+002 3.49074554e+002
    8.85151855e+002 3.50422241e+002 9.22441467e+002 3.51661743e+002
    9.59854370e+002 3.52874084e+002 9.97387634e+002 3.54190979e+002
    1.03493823e+003 3.55597076e+002 1.07252246e+003 3.56787170e+002
    6.61103027e+002 3.80098785e+002 6.98302307e+002 3.81404663e+002
    7.35235474e+002 3.82444061e+002 7.72346680e+002 3.83699310e+002
    8.09366211e+002 3.84916321e+002 8.46633606e+002 3.86239594e+002
    8.83780396e+002 3.87414032e+002 9.21221252e+002 3.88831024e+002
    9.58534668e+002 3.90189941e+002 9.96043640e+002 3.91479492e+002
    1.03354395e+003 3.92741455e+002 1.07110559e+003 3.94228912e+002
    6.60141785e+002 4.16702911e+002 6.97238770e+002 4.18291412e+002
    7.34126709e+002 4.19408508e+002 7.71182434e+002 4.20614563e+002
    8.08278198e+002 4.22063873e+002 8.45447083e+002 4.23201660e+002
    8.82625732e+002 4.24457153e+002 9.19853760e+002 4.25884186e+002
    9.57250122e+002 4.27217529e+002 9.94592163e+002 4.28449127e+002
    1.03220837e+003 4.29908630e+002 1.06966052e+003 4.31379791e+002
    6.59266541e+002 4.53706360e+002 6.96204834e+002 4.55003082e+002
    7.33041016e+002 4.56217712e+002 7.70111328e+002 4.57549347e+002
    8.07074707e+002 4.58813416e+002 8.44242065e+002 4.60247284e+002
    8.81390869e+002 4.61371002e+002 9.18628479e+002 4.62807983e+002
    9.55791992e+002 4.64131622e+002 9.93244141e+002 4.65486420e+002
    1.03065344e+003 4.66909546e+002 1.06821509e+003 4.68455750e+002
    6.58333740e+002 4.90249878e+002 6.95260315e+002 4.91612976e+002
    7.32067383e+002 4.92907379e+002 7.68922180e+002 4.94330902e+002
    8.05968506e+002 4.95705048e+002 8.43071777e+002 4.96918823e+002
    8.80223877e+002 4.98224335e+002 9.17269409e+002 4.99713165e+002
    9.54622192e+002 5.01053864e+002 9.91760376e+002 5.02298615e+002
    1.02922937e+003 5.03904846e+002 1.06672156e+003 5.05380615e+002
    6.57387024e+002 5.26809448e+002 6.94263123e+002 5.28223206e+002
    7.31009705e+002 5.29432922e+002 7.67912903e+002 5.30822754e+002
    8.04795044e+002 5.32372681e+002 8.41867798e+002 5.33623962e+002
    8.78977539e+002 5.34843872e+002 9.16056213e+002 5.36448669e+002
    9.53238159e+002 5.37886475e+002 9.90592773e+002 5.39199219e+002
    1.02772620e+003 5.40669312e+002 1.06526270e+003 5.42213135e+002
    6.36497253e+002 2.41281540e+002 6.73495239e+002 2.43096085e+002
    7.10250183e+002 2.44788300e+002 7.46877197e+002 2.46556305e+002
    7.83382324e+002 2.48125336e+002 8.19614197e+002 2.49844345e+002
    8.55740479e+002 2.51381760e+002 8.91740356e+002 2.53145645e+002
    9.27659546e+002 2.54681305e+002 9.63467041e+002 2.56463470e+002
    9.98977234e+002 2.58074829e+002 1.03443359e+003 2.59726898e+002
    6.33604431e+002 2.77815643e+002 6.70504517e+002 2.79534546e+002
    7.07149109e+002 2.81136017e+002 7.43635559e+002 2.82810120e+002
    7.79996521e+002 2.84430542e+002 8.16115112e+002 2.85869476e+002
    8.52206787e+002 2.87469055e+002 8.88150940e+002 2.89055573e+002
    9.23994568e+002 2.90628662e+002 9.59650940e+002 2.92203918e+002
    9.95047913e+002 2.93769073e+002 1.03048328e+003 2.95283936e+002
    6.30707214e+002 3.14222534e+002 6.67477417e+002 3.15793854e+002
    7.04022583e+002 3.17288788e+002 7.40428284e+002 3.18875854e+002
    7.76653748e+002 3.20252991e+002 8.12757202e+002 3.21752502e+002
    8.48710938e+002 3.23184326e+002 8.84626709e+002 3.24802734e+002
    9.20321228e+002 3.26367828e+002 9.55835571e+002 3.27711151e+002
    9.91102661e+002 3.29193085e+002 1.02653845e+003 3.30899475e+002
    6.27893677e+002 3.50315552e+002 6.64507019e+002 3.51766357e+002
    7.00984131e+002 3.53177338e+002 7.37203247e+002 3.54610687e+002
    7.73367859e+002 3.56027649e+002 8.09327759e+002 3.57375244e+002
    8.45244019e+002 3.58833771e+002 8.80964294e+002 3.60398987e+002
    9.16564148e+002 3.61767181e+002 9.51867432e+002 3.62874725e+002
    9.87319214e+002 3.64513123e+002 1.02251184e+003 3.66165070e+002
    6.25001343e+002 3.86232666e+002 6.61447937e+002 3.87489258e+002
    6.97758606e+002 3.88778381e+002 7.33910095e+002 3.90230927e+002
    7.70001526e+002 3.91541595e+002 8.05911865e+002 3.92828156e+002
    8.41632690e+002 3.94170227e+002 8.77403992e+002 3.95720062e+002
    9.12807373e+002 3.96956573e+002 9.48054871e+002 3.98089478e+002
    9.83343445e+002 3.99595886e+002 1.01865070e+003 4.01172821e+002
    6.22092468e+002 4.21874725e+002 6.58459961e+002 4.22939423e+002
    6.94615356e+002 4.24310394e+002 7.30706909e+002 4.25447937e+002
    7.66676331e+002 4.26832397e+002 8.02543945e+002 4.28082825e+002
    8.38204163e+002 4.29367645e+002 8.73758850e+002 4.30718597e+002
    9.09164795e+002 4.31969482e+002 9.44165527e+002 4.32822571e+002
    9.79471252e+002 4.34394470e+002 1.01450134e+003 4.35999481e+002
    6.19165405e+002 4.57144196e+002 6.55376465e+002 4.58216705e+002
    6.91520386e+002 4.59406830e+002 7.27482544e+002 4.60601959e+002
    7.63341370e+002 4.61894928e+002 7.99164490e+002 4.63170685e+002
    8.34668640e+002 4.64362518e+002 8.70181519e+002 4.65660889e+002
    9.05514771e+002 4.66746490e+002 9.40440857e+002 4.67746277e+002
    9.75514099e+002 4.68959015e+002 1.01063013e+003 4.70588745e+002
    6.16265686e+002 4.92154846e+002 6.52404358e+002 4.93203827e+002
    6.88421143e+002 4.94325134e+002 7.24390015e+002 4.95512726e+002
    7.60068054e+002 4.96706299e+002 7.95761597e+002 4.97958466e+002
    8.31221863e+002 4.99056335e+002 8.66609497e+002 5.00321289e+002
    9.01729370e+002 5.01392212e+002 9.36610535e+002 5.02114502e+002
    9.71588745e+002 5.03486389e+002 1.00665424e+003 5.05061218e+002
    6.13381470e+002 5.26821045e+002 6.49391724e+002 5.27915222e+002
    6.85338379e+002 5.29018494e+002 7.21181213e+002 5.30238831e+002
    7.56846680e+002 5.31383850e+002 7.92431885e+002 5.32586792e+002
    8.27783997e+002 5.33723145e+002 8.63248596e+002 5.34677917e+002
    8.98107727e+002 5.35693420e+002 9.32886719e+002 5.36486267e+002
    9.67706238e+002 5.37656189e+002 1.00280945e+003 5.39467346e+002
    6.71808716e+002 4.81187325e+001 7.08121582e+002 5.00107269e+001
    7.44464722e+002 5.19725533e+001 7.80765503e+002 5.38460159e+001
    8.17161011e+002 5.57943077e+001 8.53509277e+002 5.76647339e+001
    8.89923340e+002 5.95984840e+001 9.26435974e+002 6.15090942e+001
    9.62802490e+002 6.33535995e+001 9.99437073e+002 6.53917313e+001
    1.03590540e+003 6.73072510e+001 1.07264844e+003 6.92596970e+001
    6.70122314e+002 8.42501831e+001 7.06450928e+002 8.60706635e+001
