<?xml version="1.0"?>
<opencv_storage>
<M1 type_id="opencv-matrix">
  <rows>3</rows>
  <cols>3</cols>
  <dt>d</dt>
  <data>
    3.3743479431812334e+003 0. 6.6620679292179750e+002 0.
    3.3743479431812334e+003 5.4300230415954888e+002 0. 0. 1.</data></M1>
</opencv_storage>
