<?xml version="1.0"?>
<opencv_storage>
<M2 type_id="opencv-matrix">
  <rows>3</rows>
  <cols>3</cols>
  <dt>d</dt>
  <data>
    3.3743479431812334e+003 0. 6.6095900249129625e+002 0.
    3.3743479431812334e+003 5.4487202530585557e+002 0. 0. 1.</data></M2>
</opencv_storage>
