<?xml version="1.0"?>
<opencv_storage>
<R type_id="opencv-matrix">
  <rows>3</rows>
  <cols>3</cols>
  <dt>d</dt>
  <data>
    9.5805940503522991e-001 -2.8359057726125019e-003
    2.8655563868468920e-001 8.2459364440493847e-003
    9.9980979001769010e-001 -1.7674510373504013e-002
    -2.8645100969572784e-001 1.9296150477006179e-002
    9.5790055727150858e-001</data></R>
</opencv_storage>
