<?xml version="1.0"?>
<opencv_storage>
<T type_id="opencv-matrix">
  <rows>3</rows>
  <cols>1</cols>
  <dt>d</dt>
  <data>
    -7.6918386124823246e+002 -1.7449825786863133e+001
    8.4781826659131767e+001</data></T>
</opencv_storage>
